converged SCF energy = -265.588399941388  <S^2> = 7.9004465e-09  2S+1 = 1
E(MP2_Scanner) = -266.529767414796  E_corr = -0.941367473408689
E(SCS-MP2_Scanner) = -266.517609769123  E_corr = -0.929209827735149
