converged SCF energy = -265.587883091946  <S^2> = 3.5425344e-06  2S+1 = 1.0000071
E(MP2_Scanner) = -266.529286109954  E_corr = -0.94140301800772
E(SCS-MP2_Scanner) = -266.51712735091  E_corr = -0.929244258963357
